    t       |       X      |       T      |      Qrem    |    Qgen    |
------------------------------------------------------------
   0.0      |     0.0      |    448.0     |    5377.5    |    4091.6  
------------------------------------------------------------
 0.11302    |  8.6661e-05  |    448.0     |    5377.5    |    4091.1  
------------------------------------------------------------
  1.113     |  0.00085291  |    448.0     |    5377.5    |    4086.2  
------------------------------------------------------------
  2.113     |  0.0016182   |    448.0     |    5377.5    |    4081.4  
------------------------------------------------------------
  3.113     |  0.0023827   |    448.0     |    5377.5    |    4076.6  
------------------------------------------------------------
  4.113     |  0.0031462   |    448.0     |    5377.5    |    4071.7  
------------------------------------------------------------
  5.113     |  0.0039088   |    448.0     |    5377.5    |    4066.9  
------------------------------------------------------------
  6.113     |  0.0046706   |    448.0     |    5377.5    |    4062.1  
------------------------------------------------------------
  7.113     |  0.0054314   |    448.0     |    5377.5    |    4057.3  
------------------------------------------------------------
  8.113     |  0.0061913   |    448.0     |    5377.5    |    4052.5  
------------------------------------------------------------
  9.113     |  0.0069503   |    448.0     |    5377.5    |    4047.7  
------------------------------------------------------------
  10.113    |  0.0077084   |    448.0     |    5377.5    |    4043.0  
------------------------------------------------------------
  11.113    |  0.0084657   |    448.0     |    5377.5    |    4038.2  
------------------------------------------------------------
  12.113    |   0.009222   |    448.0     |    5377.5    |    4033.4  
------------------------------------------------------------
  13.113    |  0.0099775   |    448.0     |    5377.5    |    4028.7  
------------------------------------------------------------
  14.113    |   0.010732   |    448.0     |    5377.5    |    4023.9  
------------------------------------------------------------
  15.113    |   0.011486   |    448.0     |    5377.5    |    4019.2  
------------------------------------------------------------
  16.113    |   0.012238   |    448.0     |    5377.5    |    4014.5  
------------------------------------------------------------
  17.113    |   0.01299    |    448.0     |    5377.5    |    4009.7  
------------------------------------------------------------
  18.113    |   0.013741   |    448.0     |    5377.5    |    4005.0  
------------------------------------------------------------
  19.113    |   0.014492   |    448.0     |    5377.5    |    4000.3  
------------------------------------------------------------
  20.113    |   0.015241   |    448.0     |    5377.5    |    3995.6  
------------------------------------------------------------
  21.113    |   0.015989   |    448.0     |    5377.5    |    3990.9  
------------------------------------------------------------
  22.113    |   0.016737   |    448.0     |    5377.5    |    3986.3  
------------------------------------------------------------
  23.113    |   0.017483   |    448.0     |    5377.5    |    3981.6  
------------------------------------------------------------
  24.113    |   0.018229   |    448.0     |    5377.5    |    3976.9  
------------------------------------------------------------
  25.113    |   0.018974   |    448.0     |    5377.5    |    3972.3  
------------------------------------------------------------
  26.113    |   0.019718   |    448.0     |    5377.5    |    3967.6  
------------------------------------------------------------
  27.113    |   0.020461   |    448.0     |    5377.5    |    3963.0  
------------------------------------------------------------
  28.113    |   0.021203   |    448.0     |    5377.5    |    3958.3  
------------------------------------------------------------
  29.113    |   0.021945   |    448.0     |    5377.5    |    3953.7  
------------------------------------------------------------
  30.113    |   0.022685   |    448.0     |    5377.5    |    3949.1  
------------------------------------------------------------
  31.113    |   0.023425   |    448.0     |    5377.5    |    3944.5  
------------------------------------------------------------
  32.113    |   0.024164   |    448.0     |    5377.5    |    3939.9  
------------------------------------------------------------
  33.113    |   0.024902   |    448.0     |    5377.5    |    3935.3  
------------------------------------------------------------
  34.113    |   0.025639   |    448.0     |    5377.5    |    3930.7  
------------------------------------------------------------
  35.113    |   0.026375   |    448.0     |    5377.5    |    3926.1  
------------------------------------------------------------
  36.113    |   0.02711    |    448.0     |    5377.5    |    3921.6  
------------------------------------------------------------
  37.113    |   0.027845   |    448.0     |    5377.5    |    3917.0  
------------------------------------------------------------
  38.113    |   0.028578   |    448.0     |    5377.5    |    3912.5  
------------------------------------------------------------
  39.113    |   0.029311   |    448.0     |    5377.5    |    3907.9  
------------------------------------------------------------
  40.113    |   0.030043   |    448.0     |    5377.5    |    3903.4  
------------------------------------------------------------
  41.113    |   0.030774   |    448.0     |    5377.5    |    3898.8  
------------------------------------------------------------
  42.113    |   0.031504   |    448.0     |    5377.5    |    3894.3  
------------------------------------------------------------
  43.113    |   0.032234   |    448.0     |    5377.5    |    3889.8  
------------------------------------------------------------
  44.113    |   0.032962   |    448.0     |    5377.5    |    3885.3  
------------------------------------------------------------
  45.113    |   0.033689   |    447.7     |    5366.8    |    3848.1  
------------------------------------------------------------
  46.113    |   0.034426   |    449.27    |    5423.0    |    4017.6  
------------------------------------------------------------
  47.113    |   0.035196   |    450.91    |    5481.8    |    4201.2  
------------------------------------------------------------
  48.113    |   0.036002   |    452.63    |    5543.4    |    4400.9  
------------------------------------------------------------
  49.113    |   0.036846   |    454.43    |    5607.9    |    4618.7  
------------------------------------------------------------
  50.113    |   0.037734   |    456.32    |    5675.7    |    4857.0  
------------------------------------------------------------
  51.113    |   0.038668   |    458.31    |    5747.0    |    5118.8  
------------------------------------------------------------
  52.113    |   0.039654   |    460.41    |    5822.3    |    5407.6  
------------------------------------------------------------
  53.113    |   0.040697   |    462.63    |    5902.0    |    5727.6  
------------------------------------------------------------
  54.113    |   0.041803   |    464.99    |    5986.5    |    6084.1  
------------------------------------------------------------
  55.113    |   0.042983   |    467.96    |    6093.1    |    6562.3  
------------------------------------------------------------
  56.113    |   0.044215   |    468.15    |    6099.9    |    6581.6  
------------------------------------------------------------
  57.113    |   0.04545    |    468.35    |    6106.9    |    6601.8  
------------------------------------------------------------
  58.113    |   0.046689   |    468.55    |    6114.1    |    6622.8  
------------------------------------------------------------
  59.113    |   0.047932   |    468.75    |    6121.5    |    6644.8  
------------------------------------------------------------
  60.113    |   0.04918    |    468.96    |    6129.1    |    6667.8  
------------------------------------------------------------
  61.113    |   0.050432   |    469.18    |    6136.9    |    6691.9  
------------------------------------------------------------
  62.113    |   0.051688   |    469.41    |    6144.9    |    6717.1  
------------------------------------------------------------
  63.113    |   0.052949   |    469.64    |    6153.3    |    6743.6  
------------------------------------------------------------
  64.113    |   0.054216   |    469.88    |    6161.8    |    6771.3  
------------------------------------------------------------
  65.113    |   0.055487   |    470.13    |    6170.7    |    6800.4  
------------------------------------------------------------
  66.113    |   0.056765   |    470.38    |    6179.9    |    6830.9  
------------------------------------------------------------
  67.113    |   0.058048   |    470.65    |    6189.4    |    6863.0  
------------------------------------------------------------
  68.113    |   0.059337   |    470.92    |    6199.2    |    6896.8  
------------------------------------------------------------
  69.113    |   0.060633   |    471.2     |    6209.3    |    6932.3  
------------------------------------------------------------
  70.113    |   0.061936   |    471.5     |    6219.9    |    6969.7  
------------------------------------------------------------
  71.113    |   0.063245   |    471.8     |    6230.8    |    7009.1  
------------------------------------------------------------
  72.113    |   0.064563   |    472.12    |    6242.1    |    7050.6  
------------------------------------------------------------
  73.113    |   0.065888   |    472.45    |    6253.9    |    7094.5  
------------------------------------------------------------
  74.113    |   0.067222   |    472.79    |    6266.2    |    7140.8  
------------------------------------------------------------
  75.113    |   0.068565   |    473.15    |    6279.0    |    7189.7  
------------------------------------------------------------
  76.113    |   0.069917   |    473.52    |    6292.3    |    7241.5  
------------------------------------------------------------
  77.113    |   0.071279   |    473.9     |    6306.2    |    7296.3  
------------------------------------------------------------
  78.113    |   0.072652   |    474.31    |    6320.6    |    7354.4  
------------------------------------------------------------
  79.113    |   0.074036   |    474.73    |    6335.8    |    7416.0  
------------------------------------------------------------
  80.113    |   0.075432   |    475.17    |    6351.6    |    7481.5  
------------------------------------------------------------
  81.113    |   0.07684    |    475.63    |    6368.1    |    7551.1  
------------------------------------------------------------
  82.113    |   0.078262   |    476.12    |    6385.5    |    7625.1  
------------------------------------------------------------
  83.113    |   0.079699   |    476.62    |    6403.6    |    7704.0  
------------------------------------------------------------
  84.113    |   0.08115    |    477.15    |    6422.7    |    7788.1  
------------------------------------------------------------
  85.113    |   0.082618   |    477.71    |    6442.7    |    7877.9  
------------------------------------------------------------
  86.113    |   0.084103   |    478.3     |    6463.8    |    7974.0  
------------------------------------------------------------
  87.113    |   0.085607   |    478.92    |    6486.0    |    8076.8  
------------------------------------------------------------
  88.113    |   0.087131   |    479.57    |    6509.4    |    8187.1  
------------------------------------------------------------
  89.113    |   0.088677   |    480.26    |    6534.0    |    8305.6  
------------------------------------------------------------
  90.113    |   0.090245   |    480.99    |    6560.1    |    8433.1  
------------------------------------------------------------
  91.113    |   0.091838   |    481.76    |    6587.7    |    8570.6  
------------------------------------------------------------
  92.113    |   0.093458   |    482.57    |    6616.9    |    8719.0  
------------------------------------------------------------
  93.113    |   0.095107   |    483.44    |    6647.9    |    8879.6  
------------------------------------------------------------
  94.113    |   0.096787   |    484.36    |    6680.9    |    9053.8  
------------------------------------------------------------
  95.113    |   0.098501   |    485.33    |    6715.9    |    9243.2  
------------------------------------------------------------
  96.113    |   0.10025    |    486.38    |    6753.3    |    9449.7  
------------------------------------------------------------
  97.113    |   0.10204    |    487.49    |    6793.2    |    9675.3  
------------------------------------------------------------
  98.113    |   0.10388    |    488.68    |    6835.9    |    9922.7  
------------------------------------------------------------
  99.113    |   0.10577    |    489.96    |    6881.6    |  1.0195e+04
------------------------------------------------------------
  100.11    |    0.1077    |    491.33    |    6930.8    |  1.0495e+04
------------------------------------------------------------
  101.11    |    0.1097    |    492.81    |    6983.8    |  1.0828e+04
------------------------------------------------------------
  102.11    |   0.11176    |    494.4     |    7041.0    |  1.1198e+04
------------------------------------------------------------
  103.11    |    0.1139    |    496.13    |    7103.0    |  1.1613e+04
------------------------------------------------------------
  104.11    |   0.11612    |    498.01    |    7170.3    |  1.2078e+04
------------------------------------------------------------
  105.11    |   0.11843    |    500.06    |    7243.7    |  1.2605e+04
------------------------------------------------------------
  106.11    |   0.12085    |    502.3     |    7324.1    |  1.3204e+04
------------------------------------------------------------
  107.11    |   0.12339    |    504.76    |    7412.4    |  1.3892e+04
------------------------------------------------------------
  108.11    |   0.12606    |    507.48    |    7510.0    |  1.4687e+04
------------------------------------------------------------
  109.11    |    0.1289    |    510.51    |    7618.4    |  1.5616e+04
------------------------------------------------------------
  110.11    |   0.13193    |    513.89    |    7739.7    |  1.6712e+04
------------------------------------------------------------
  111.11    |   0.13518    |    517.7     |    7876.2    |  1.8024e+04
------------------------------------------------------------
  112.11    |    0.1387    |    522.03    |    8031.4    |  1.9617e+04
------------------------------------------------------------
  113.11    |   0.14255    |    527.0     |    8209.5    |  2.1587e+04
------------------------------------------------------------
  114.11    |   0.14682    |    532.77    |    8416.6    |  2.4078e+04
------------------------------------------------------------
  115.11    |   0.15162    |    539.59    |    8661.2    |  2.7314e+04
------------------------------------------------------------
  116.11    |   0.15713    |    547.81    |    8955.6    |  3.1665e+04
------------------------------------------------------------
  117.11    |    0.1636    |    557.95    |    9319.2    |  3.7784e+04
------------------------------------------------------------
  118.11    |   0.17148    |    570.92    |    9784.1    |  4.6928e+04
------------------------------------------------------------
  119.11    |   0.18154    |    588.34    |  1.0409e+04  |  6.1838e+04
------------------------------------------------------------
  120.0     |   0.19358    |    610.16    |  1.1191e+04  |  8.5395e+04
